240 7505 6203 3786    
388 6276 3786 4856    
726 6589      
915 3758 6663     
1101 6064      
1537 7175 3757     
1726 5195 5358 7503    
1771 7195 3039 3302    
1829 6367 4942     
1892 7461      
1976 3960 7307     
2214 6692 7460     
2219 6183 7676     
2302 5401 7137 3100    
2445 6581 6035     
2502 4511 6200     
2566 3786 4856     
2574 5012 5372     
2612 6818 6611     
2668 3786 5713     
2733 6690 4562 4421    
2881 4572 5435 4486 3398   
2882 6367 6035     
3229 6584 3786     
3406 3652      
3572 3652      
3720 6447 4621 7449    
4068 7379 6996     
4145 6200 3527     
4228 6367 4932     
4304 6954 5302     
4494 6353      
4597 7361 5281     
4642 4856 3786     
4716 7458 5812 7654 6049   
4722 5704 6450     
4811 6051 4856     
4857 5330 6738     
5120 6189 5355 5524 4621   
5161 7119 7586 7356    
5212 6032 5830     
5291 4093      
5847 5786 3527 5355    
6060 4932 6611 4708    
6170 4502 3861 6868    
6440 5523 6098 5084    
6725 6834 3510     
7024 4645 6810 3786    
7117 3649 6188     
7461 6526      
7525 7101 5530 6834    
7526 6311 3264     
7776 4671 7410 3818    
7858 6822 6051 7402    
8079 5550 4932     
8119 4423 4621 6200 4511   
8188 4328 3786     
8374 4511 3760     
8396 6338 4421     
8530 7461 6772     
8591 4621 4093     
8826 7609 6988     
8951 6270 6367 7536 6490 7179  
9040 7361 7463 7410    
9077 6850 6851     
9160 6821 6202     
9660 5832 5084 5523    
9717 5195 5576 4621    
9755 7553 6320 6229    
9946 6679 5372     
10267 6685 6002 7071 4621   
11114 6585 6367 6970    
11563 4856 7609 3786    
11585 6453 7101     
11702 4932 5187     
11885 6367 6709     
11943 6737 5257 4856    
11950 3786 6291 3527    
12110 7101 5303 4327    
12175 6747 6738 6739    
12549 3943 7072 6367    
12572 3786 3872 5355    
12865 5523 4932     
12904 6611      
13095 7345 4562 7051    
13131 4621 7367     
13140 2954      
13631 6346 7410 6348    
13663 4621 4746     
13756 4164 3786 4850    
13961 5421      
13974 6588      
14324 6228 7391     
14363 4621 6200 6611 4708   
14518 6544 3510     
14560 5400 6358 7119    
14918 6823 6820     
14935 4856 5910     
14951 3786 3960     
15056 5934 6990 6837    
15161 6475 4511     
15253 6685 3786     
15291 4856 3302 4932    
15395 6988 4671     
15407 6291 3529 5355    
15600 4121 6584     
15611 3960 6200     
15658 7609 7610     
15711 4671 6960 6526    
15764 3510 3078     
16246 4781 3786     
16276 6367 6581     
16300 4621 7410     
16384 3786 5302     
16512 6051 4708 5087    
16621 3758 6088 3760 5269   
16639 3971 4746     
16642 4111 5129     
16653 5812 6607 5085    
16687 4539 6367     
16766 5793 6000 4708    
16778 6051 5829     
17051 6772 3651     
17058 6690 5005 6098    
17280 5523 3651 5005    
17300 5187 5919 5530    
17349 4621      
17393 7502 6367 3872    
17441 5350 4708     
17467 6320 6229 3698    
17474 7461 6829 4328    
17487 4856 7513     
17554 4856 5257     
17825 7509 3861     
17895 3958 6390     
18010 7281 3786 5290    
18044 3958 3652     
18072 6183 6744     
18182 4535 6200     
18285 6447 7531 4511    
18334 7101 7533 7592 7579 6948  
18483 6954 6948     
18539 5010      
18746 4328      
18780 6810 4672     
18800 5330 5917     
18912 6588      
19000 3958 6685 6098    
19061 4621 4511     
19071 7480 5195     
19110 4932 4621     
19436 5919 5348     
19633 4621 5919 7051    
19702 6470 3078     
20095 6863 4621 3398    
20115 5195      
20308 6685 6051 6447    
20498 6988 4539     
20601 5550 3786     
20816 7320 5525 6595    
20828 3891 6740     
20835 6585 4489     
20856 5322 5403 5459 6225   
20919 6389 6051 5525 5523   
21131 5400 7461     
21385 3786 7357     
21767 6478 7654 5179 4894   
22097 7609 4932 6829    
22133 4621 5400 6338    
22238 3786 4856     
22324 3721 5827 7036    
22359 5421 3757     
22473 7671 3398     
22765 7179 6690 5830 7273   
22863 3786 4621     
23294 5589 6786     
23666 7410 6183     
23696 6358 4730     
24159 7092 7472 7091 7089   
24238 6398 6003 6442    
24334 6595 7153     
24426 7356 7348 7379    
24573 3958 7343     
24575 3264 4284     
24815 7218 6447 6679    
25181 6584 6595 6578    
25416 5707 4462     
25524 6826 5195     
25628 5195 6595 7536    
25807 7009 6183     
25861 4708 6970 6447    
25910 4328 6592 6183    
26125 4128 7434     
26193 6183      
26340 6202 6820 5355    
26424 6679      
26543 7171 4701     
26767 7612 6291 6969    
27482 4938      
27627 3527 5330     
27806 7170 4747 6767    
27935 6277 5355 5919    
28145 4781 4539 6200 3761   
28410 6595 7284 7449    
28458 7671 3757 4712    
28459 7612 6291 6051    
28522 6049 6032     
28549 4708 4856 3529    
28608 5338      
28801 7356      
29188 4850 5488 6032 7656   
29217 4328 7704     
29241 6685 4327 6035 5239   
29423 5550 6003     
29435 4164 4903     
29904 5357 6183     
30172 6367 7533     
30260 6778 6342     
30261 6367 3786     
30602 6763 6183 6585    
30663 5946 5298     
30982 6144 6447     
31175 5887 4079     
31263 5919 6202     
31719 3758      
31787 6200 4621     
31889 6170      
32021 4511      
32094 6001 7579     
32284 4816 6202     
32481 6367 6810     
32573 3652 3618 3786 4856   
32686 6685 6098 4819 6210   
32894 3786 4539     
33037 3925 5361     
33817 6346 5129     
34027 6367 3786     
34288 5302 6243     
34363 6772 3398     
34638 6210 7348 7460 4672   
34656 7434 7101 5830    
34747 3786 6051 3100    
34820 3786 5357 5917 5862 3758 4731 
34825 6740 7606 6971 4562 5195 5330 6367
34882 6810 5179 4511    
35094 5357 6447     
35185 3958 5848 4090    
35256 3652 5330     
35305 6200 7071 7253    
35465 6225 5314 6243    
35525 6229 5330     
35557 3527 3786     
35602 3786 7334     
35655 3529 4621 3786    
35723 6447 7513     
35798 7671 6367 7683    
35859 3971 5330     
36185 6051 6358     
36440 4511      
36806 4621 6585 3652    
37201 4731 4746 3786    
37278 5571 5853     
37457 3768 5195     
37468 5530 6594 6076    
37505 7345 4622     
37617 5357 5302 7533    
37909 3510 3078 3678    
38230 4552 7328 3081    
38358 5581 4108     
38467 7461 6367     
38586 4231 4236     
38686 4622 6367     
38806 6005      
38985 6183 7683 6367    
39012 5441 7513     
39321 3652 6200 7609    
39460 5919      
40097 5459 5127 5318    
40479 6595 4855 6146 5812 3529  
40503 6367 5633 6679 3786   
40538 7101 4856     
40809 6691 3529     
40938 4621 4856     
40986 3078 3510     
41123 6367 3529 6584    
41257 3172 3173     
41451 5853 4204     
41761 6367 6816     
41792 5127 7191 6343 5856   
41855 3993      
41868 3651 7661 5116 7379   
42099 7357 5829 4856    
42825 4349 4388 4350 4386   
42843 3786 6353 6834    
42920 6447 3651 6607    
43470 6367 4780 5195    
43889 7513 4932     
43920 6353 7071     
44030 5330 6200 4328    
44072 6367 5372     
44138 5330 3786 5910    
44162 4421 6659 3861    
44661 6692 7589 6390    
44782 6849 3163     
44856 3943 3257 4422    
44959 4932 6799     
45033 5005 6032     
45059 4746 3527     
45272 7119 6426 7270    
45387 4932 5098     
45622 4562 6663     
45773 5195 3652     
45808 4511 4932 4856    
45937 4511 5212     
46012 5421 5239 7336    
46304 4854 6202     
46316 6098 5212     
46369 5330 7072 7492    
46499 7655 7179 3812    
46663 6367 3527 6948    
46749 5400 3651 6200    
46780 7282 6342 7284    
47515 6772 4621     
47714 7510 6996     
47721 6426 6203     
48148 7655 5919     
48213 6183 5530     
48253 6104 5098     
48289 6986 7392     
48477 6200 3529     
48565 6367      
48727 5564 7101 7676    
49006 4621 6000 3398    
49027 6348 6345 7635    
49855 4512 7152 6851 6849   
49901 4932 7101     
50368 4932      
50385 7284      
51011 6744 7283     
51766 6183 6592 7671    
51962 5829 3652     
52016 5230 3758     
52044 7505 7051     
52283 7362 4821 4122    
52550 4708      
52615 4942 5098 4164    
52625 3529 3786     
52661 7036 5350 6076 6884   
52679 6202 6367 5833 6276 6692  
52785 6450      
52912 4672 4671 2988    
52929 4621      
53003 4621 5293 5420 7392   
53230 3078 3510     
53487 7402 4093 6203 6051 7036 3872 
53578 5257 4856 4649    
53869 4562 6035     
53911 7009 7284 7690    
54197 5195 6000     
54484 6988 3960     
54569 6367 3257 6203    
54609 5797      
54663 7537 6954 7284 6144   
54669 3786 7283     
54850 6183      
55000 7461 4621 6900    
55158 5330 6276 3962 7507   
55323 6607 7284     
55362 3101 3696     
55465 4164 4894 5832    
55649 6834 6445 6183 7072   
55942 3760 3758     
56056 7307 4621     
56063 7270 7613     
56186 3306      
56246 4782 6367     
57052 3758 5257 5357    
57157 6560 6367     
57166 6367      
57775 3962 6654 6544    
57781 7038      
57905 7089 7092 7090 7088 7553  
58120 6435 7339     
58243 4621 6358     
58275 4621 4856 7656    
58931 6311 5946     
59266 6954 6679 6698    
59377 5212 4646 6367    
59543 7339 5257 4621 6200   
60032 3786 3026     
60417 6828      
60796 6584 3786     
60811 6285 3678 5797    
61115 4746 6595 6447    
61224 7009 6877 7513    
61741 6772 5174 6821 7009 6367  
61779 7175 4621     
61855 4539 3529 3810    
62014 6367 6388     
62020 6367 6771     
62091 5195      
62480 3958      
62483 7434 6447     
62606 7676 4621     
62910 7172 7356 7460 6921   
63170 7600 5487 7340    
63240 7153 3527     
63292 3786 7661     
63371 6367 5507     
63688 7336 6270 6267    
63821 6229      
63868 7635 6346 5129 5127   
63927 6986      
63944 4932 4621     
64125 7461      
64446 3786 5564 6104    
64606 7589 6183 6001    
64914 4621 5257 6611 5400 6000  
65018 5372 4621     
65234 4621 4539     
65306 6988 6828     
65394 4671 3289 4672    
65727 6740 5187     
65757 6849 5302     
66152 6200 3971     
66153 6685 6836 6746    
66178 7410 7227     
66601 4621      
66692 5187      
66788 7267 7348     
66904 6772 4999     
66932 4845 7639 7114    
67064 4746 6578 6391    
67173 5524 6491     
67192 6202 7689     
67294 6821 2988     
67343 4511      
67495 4328 6203 6772    
67545 5330 6146 6098 5530   
67697 3959 6679     
68064 7009 7683     
68122 6367 5116 3786    
68134 5355 4856 5356    
68147 7593 7609     
68294 4856 5523 6032    
68434 3527 3652 3810 3758 4854  
68589 5330 3786 7505    
69036 6032 5005 3786    
69094 5257 7071 4562    
69202 6772 6921 6051    
69225 4708 4645 5257    
69395 7642 7640 6800    
69419 6746 6837 6826    
69465 6183 6001     
69537 7589 4079     
69599 5330 3760 6590    
69825 5628      
69886 4306 4378     
70367 6202 6954 4746    
70403 5355 4562 7505    
70651 6367 3678     
70685 6276 4622 6051    
70789 4121 5355 4667    
70845 7460 6453     
70884 5257 5330 7610    
70901 3510 3078     
71253 3302      
71475 6183 4572     
71589 5330 4932     
71624 7671 3510     
71712 3786 6367     
71738 5128 5130     
71869 4396 6740 6693    
71905 6447 7338     
72061 5330 3652 3958    
72111 5303 5523 5488    
72164 6460 5142     
72541 6671 4512 3026    
72580 5330 4856     
72625 4486 6612     
72721 3398 4423     
72962 6645 7071     
73031 6544 7505 6200    
73507 3506      
73588 6202      
73664 6988 6692     
73786 4539 6200     
73840 3678 3078 3510    
73948 7364 3596 4927    
73971 6823 7153     
74293 6270 4328 5421    
74393 4539 3958     
74486 7087 4274 3780 6640   
74751 7609 6884 7612    
74776 3958 7704     
